Best trial for balanced accuracy: 0.8890
Best params:
brics_min_freq: 5
rings_min_freq: 5
side_min_freq: 5
num_boost_round: 1774
early_stopping_rounds: 50
max_depth: 21
learning_rate: 0.1216543864749594
subsample: 0.8567519801081551
colsample_bytree: 0.8593895467823088
min_child_weight: 4
gamma: 0.26687996893030386
reg_alpha: 3.2969767545508715
reg_lambda: 0.2521638960419713
