Best trial for recall: 0.8920254179070302
Best params:
num_boost_round: 2855
early_stopping_rounds: 304
max_depth: 10
learning_rate: 0.041687768784213965
subsample: 0.8242445961963157
colsample_bytree: 0.7656531895271629
min_child_weight: 9
gamma: 0.9022946881497723
reg_alpha: 0.39621540417726364
reg_lambda: 3.4374187413134405
