Best trial for f1: 0.8625
Best params:
brics_min_freq: 5
rings_min_freq: 5
side_min_freq: 5
num_boost_round: 569
early_stopping_rounds: 87
max_depth: 8
learning_rate: 0.0693947499361067
subsample: 0.8154559977129214
colsample_bytree: 0.9985042260805164
min_child_weight: 1
gamma: 0.9001907929740556
reg_alpha: 0.3328754085118247
reg_lambda: 4.670539976005371
