Best trial for precision: 0.9273288559938424
Best params:
num_boost_round: 3212
early_stopping_rounds: 102
max_depth: 28
learning_rate: 0.014965961283308737
subsample: 0.9058618268184978
colsample_bytree: 0.6460522033678774
min_child_weight: 1
gamma: 0.9891454024285261
reg_alpha: 0.3742979727180227
reg_lambda: 1.423935089660665
