Best trial for f1: 0.9126735360572289
Best params:
num_boost_round: 1702
early_stopping_rounds: 77
max_depth: 25
learning_rate: 0.01583828774627412
subsample: 0.49474028797470837
colsample_bytree: 0.5850130661234048
min_child_weight: 1
gamma: 0.34280597522894096
reg_alpha: 0.4160388243616552
reg_lambda: 3.0686297620584266
