Best trial for accuracy: 0.9027
Best params:
brics_min_freq: 5
rings_min_freq: 5
side_min_freq: 5
num_boost_round: 654
early_stopping_rounds: 183
max_depth: 15
learning_rate: 0.014464976434168667
subsample: 0.9439837626869073
colsample_bytree: 0.5556214643265869
min_child_weight: 2
gamma: 0.03694848928202443
reg_alpha: 0.03510143789016611
reg_lambda: 1.2612865325809337
