Best trial for auc: 0.9699325375347243
Best params:
num_boost_round: 134
early_stopping_rounds: 110
max_depth: 26
learning_rate: 0.07133360403166904
subsample: 0.5134589014901623
colsample_bytree: 0.6281506792077782
min_child_weight: 2
gamma: 1.4295537433230248
reg_alpha: 1.0520597352657406
reg_lambda: 1.071986809446741
