Best trial for accuracy: 0.9079209497242285
Best params:
num_boost_round: 1936
early_stopping_rounds: 396
max_depth: 7
learning_rate: 0.06867114720474034
subsample: 0.8555047793390799
colsample_bytree: 0.7350619430735126
min_child_weight: 1
gamma: 0.6863398471859866
reg_alpha: 2.9788060015284774
reg_lambda: 1.1903637874126172
