Best trial for accuracy: 0.914984491828754
Best params:
num_boost_round: 2655
early_stopping_rounds: 169
max_depth: 17
learning_rate: 0.017531224232539954
subsample: 0.6188701512740835
colsample_bytree: 0.5734494379752769
min_child_weight: 2
gamma: 0.0231945357231642
reg_alpha: 0.24938255875059698
reg_lambda: 1.6867094081087948
