Best trial for auc: 0.9589
Best params:
brics_min_freq: 5
rings_min_freq: 5
side_min_freq: 5
num_boost_round: 1979
early_stopping_rounds: 158
max_depth: 25
learning_rate: 0.02768280166117894
subsample: 0.8116306264622304
colsample_bytree: 0.4693902763252651
min_child_weight: 4
gamma: 0.07362957378642274
reg_alpha: 0.37181543159532304
reg_lambda: 3.300221459905565
