Best trial for balanced accuracy: 0.9069110500470703
Best params:
num_boost_round: 2077
early_stopping_rounds: 343
max_depth: 11
learning_rate: 0.07305392383615784
subsample: 0.7703407340454583
colsample_bytree: 0.663469921784815
min_child_weight: 6
gamma: 0.4037293656031843
reg_alpha: 4.587036577689455
reg_lambda: 4.148192744671383
